ID	genotype	serotype	construct	area	sex	LaserPower	voltage	length	frequency	pulse	protocol	event	TTL	Baseline	Amp	K1	Krate	PeakArea	Trise	T80	Tc	Tr
1971	Pitx2-Cre	AAV5	EYFP	GPe	male	4	0.7	1s	10	15	2	4	2769.9	9.165686794	0.34021829	0.028885388	0.009827337	0.452713627	0.8	1.2	-0.328032012	0.401079854
1971	Pitx2-Cre	AAV5	EYFP	GPe	male	4	0.7	1s	10	15	2	5	2800.9	9.021816448	0.402817393	0.038103633	0.015348806	0.483255551	0.8	1.2	-0.48681818	0.553958196
1971	Pitx2-Cre	AAV5	EYFP	GPe	male	4	0.7	1s	10	15	2	6	2831.9	8.820374297	0.395063335	0.018886242	0.007461262	0.586068121	1	1.9	-0.4526448	0.387565659
1971	Pitx2-Cre	AAV5	EYFP	GPe	male	4	0.7	1s	10	15	2	7	2862.9	8.830617695	0.415460716	0.010323529	0.004289021	1.047438582	1.2	3.3	-0.401190903	0.378258747
1971	Pitx2-Cre	AAV5	EYFP	GPe	male	4	0.7	1s	10	15	2	8	2893.9	8.900096695	0.370084747	0.028248195	0.010454226	0.584924958	1	1.4	-0.333870712	0.412168599
1971	Pitx2-Cre	AAV5	EYFP	GPe	male	4	0.7	1s	20	10	2	9	2924.9	8.795036246	0.512327079	0.017154128	0.008788524	1.149905835	0.9	2.8	-0.244565106	0.74959528
1971	Pitx2-Cre	AAV5	EYFP	GPe	male	4	0.7	1s	20	10	2	10	2955.9	8.879204368	0.415555606	0.010857405	0.004511856	0.93149981	1	3.1	-0.327798199	0.416614695
1971	Pitx2-Cre	AAV5	EYFP	GPe	male	4	0.7	1s	20	10	2	11	2986.9	8.855498285	0.531101306	0.000349898	0.000185831	4.097945565	1.1	19.2	-0.565992014	0.502753982
1971	Pitx2-Cre	AAV5	EYFP	GPe	male	4	0.7	1s	20	10	2	12	3017.9	8.953703503	0.435042487	0.012737909	0.005541532	0.93108774	1.2	2.8	-0.555524293	0.411180418
1971	Pitx2-Cre	AAV5	EYFP	GPe	male	4	0.7	1s	20	10	2	13	3049.1	8.991270274	0.510806866	0.004142139	0.002115833	2.421515366	0.9	7.9	-0.247131144	0.587364567
1971	Pitx2-Cre	AAV5	EYFP	GPe	male	4	0.7	1s	40	5	2	14	3080.1	9.046696355	0.410398694	0.021870679	0.008975698	0.71093786	1	1.8	-0.284061562	0.49539633
1971	Pitx2-Cre	AAV5	EYFP	GPe	male	4	0.7	1s	40	5	2	15	3111.1	9.040189276	0.44776557	0.000582661	0.000260896	2.571777806	1.1	13.2	-0.582644917	0.489371406
1971	Pitx2-Cre	AAV5	EYFP	GPe	male	4	0.7	1s	40	5	2	16	3142.1	8.966506003	0.362866082	0.040346553	0.014640396	0.506123682	1.2	1	-0.470384729	0.344784476
1971	Pitx2-Cre	AAV5	EYFP	GPe	male	4	0.7	1s	40	5	2	17	3173.1	8.812724479	0.304174456	0.02350776	0.00715046	0.474421635	1	1.4	-0.273215686	0.357315226
1971	Pitx2-Cre	AAV5	EYFP	GPe	male	4	0.7	1s	40	5	2	18	3195.6	8.791673359	0.394240921	0.020738148	0.008175827	0.694813198	1	1.9	-0.204893563	0.561761524
1971	Pitx2-Cre	AAV5	EYFP	GPe	male	4	0.7	1s	10	5	1	20	3236.7	8.842646909	0.088757214	0.001856422	0.000164771	0.184232775	0.6	2.6	-0.020560943	0.207872786
1971	Pitx2-Cre	AAV5	EYFP	GPe	male	4	0.7	1s	10	5	1	21	3267.7	8.777525493	0.172983505	0.003997519	0.000691505	2.782018764	28.4	2.7	-0.05374765	0.004918746
1971	Pitx2-Cre	AAV5	EYFP	GPe	male	4	0.7	1s	10	5	1	22	3298.7	8.889258629	0.142950191	-0.00012085	-1.72756E-05	2.552755534	0.8	29.4	0.001954531	NA
1971	Pitx2-Cre	AAV5	EYFP	GPe	male	4	0.7	1s	10	5	1	23	3329.7	8.981922672	0.126375967	0.022751439	0.002875235	0.08761296	0.8	0.7	-0.280552223	0.225722052
1971	Pitx2-Cre	AAV5	EYFP	GPe	male	4	0.7	1s	10	5	1	24	3360.8	9.040219171	0.084667829	0.011332515	0.000959499	0.085238118	1	0.8	-0.139983551	0.062464113
1971	Pitx2-Cre	AAV5	EYFP	GPe	male	4	0.7	1s	20	5	1	25	3391.8	9.058004685	0.170222752	0.016163597	0.002751412	0.253840267	1	1.2	-0.191623496	0.142105985
1971	Pitx2-Cre	AAV5	EYFP	GPe	male	4	0.7	1s	20	5	1	26	3422.8	9.072568171	0.162385448	0.012289122	0.001995575	0.228662124	0.7	1.4	-0.120771432	0.204813376
1971	Pitx2-Cre	AAV5	EYFP	GPe	male	4	0.7	1s	20	5	1	27	3453.8	9.086305822	0.212929491	0.011696155	0.002490456	0.342304318	0.8	2	-0.153127826	0.255121928
1971	Pitx2-Cre	AAV5	EYFP	GPe	male	4	0.7	1s	20	5	1	28	3484.8	9.150322675	0.213077497	0.023635093	0.005036106	0.257808479	0.9	1.1	-0.299742788	0.268051728
1971	Pitx2-Cre	AAV5	EYFP	GPe	male	4	0.7	1s	20	5	1	29	3515.8	9.119077832	0.227861205	4.88516E-05	1.11314E-05	1.885214483	1	19.6	-0.014953534	0.201647036
1971	Pitx2-Cre	AAV5	EYFP	GPe	male	4	0.7	1s	40	5	1	30	3546.8	9.172180216	0.348666675	-0.00016813	-5.86212E-05	4.060678383	0.9	25.9	-0.006758327	0.367291614
1971	Pitx2-Cre	AAV5	EYFP	GPe	male	4	0.7	1s	40	5	1	31	3577.8	9.334717109	0.37837964	0.019553799	0.007398759	0.539960544	0.8	1.8	-0.228217668	0.548914828
1971	Pitx2-Cre	AAV5	EYFP	GPe	male	4	0.7	1s	40	5	1	32	3608.8	9.258171872	0.459798535	0.028464427	0.013087902	1.30087464	0.9	1.8	-0.467012002	0.531091824
1971	Pitx2-Cre	AAV5	EYFP	GPe	male	4	0.7	1s	40	5	1	33	3639.8	9.26629218	0.368435497	0.041489211	0.015286098	0.453651979	1	1	-0.513958595	0.387872172
1971	Pitx2-Cre	AAV5	EYFP	GPe	male	4	0.7	1s	40	5	1	34	3671	9.04205271	0.396344053	0.021218927	0.008409996	0.698579268	1	2	-0.364566374	0.372361721
1971	Pitx2-Cre	AAV5	EYFP	GPe	male	4	0.25	1s	10	15	2	45	4913.6	-0.239526455	0.127777825	-0.089311525	-0.011412032	0.337672248	1	4.7	-0.082631755	0.125096093
1971	Pitx2-Cre	AAV5	EYFP	GPe	male	4	0.25	1s	10	15	2	46	4944.7	-0.286666879	0.092783429	-0.033173211	-0.003077924	0.305389814	1	5	-0.016869718	0.081403565
1971	Pitx2-Cre	AAV5	EYFP	GPe	male	4	0.25	1s	10	15	2	47	4975.7	-0.275098326	0.102803783	-0.103664413	-0.010657094	0.247736014	1.1	3.8	-0.081206373	0.105692313
1971	Pitx2-Cre	AAV5	EYFP	GPe	male	4	0.25	1s	10	15	2	48	5006.7	-0.371208993	0.117310588	-0.021949601	-0.002574921	0.4280331	0.9	8	-0.010417518	0.144804588
1971	Pitx2-Cre	AAV5	EYFP	GPe	male	4	0.25	1s	10	15	2	49	5037.8	-0.398598447	0.133591055	-0.051190473	-0.006838589	0.272309299	0.9	4.3	-0.153322533	0.167115258
1971	Pitx2-Cre	AAV5	EYFP	GPe	male	4	0.25	1s	20	10	2	50	5068.8	-0.419099042	0.141051175	-0.068140618	-0.009611314	0.401479804	1	3.9	-0.147057667	0.125315668
1971	Pitx2-Cre	AAV5	EYFP	GPe	male	4	0.25	1s	20	10	2	51	5099.8	-0.445020699	0.110960244	-0.219763953	-0.024385062	0.178282121	1.1	1.5	-0.132576572	0.103620481
1971	Pitx2-Cre	AAV5	EYFP	GPe	male	4	0.25	1s	20	10	2	52	5130.8	-0.480543388	0.120510754	-0.13594316	-0.016382613	0.215024169	1.1	2.2	-0.134389431	0.127290959
1971	Pitx2-Cre	AAV5	EYFP	GPe	male	4	0.25	1s	20	10	2	53	5161.8	-0.502761306	0.138922336	-0.095355118	-0.013246956	0.226808381	0.9	2.7	-0.134197326	0.163802658
1971	Pitx2-Cre	AAV5	EYFP	GPe	male	4	0.25	1s	20	10	2	54	5192.8	-0.556751587	0.138959245	-0.406161683	-0.056439921	0.125960626	1	0.8	-0.24891643	0.184387664
1971	Pitx2-Cre	AAV5	EYFP	GPe	male	4	0.25	1s	40	5	2	55	5315.5	-0.614534526	0.091203089	-0.097939968	-0.008932428	0.144834532	1.2	1.7	-0.085876514	0.073025926
1971	Pitx2-Cre	AAV5	EYFP	GPe	male	4	0.25	1s	40	5	2	56	5320.5	-0.635624307	0.085411443	-0.01280626	-0.001093801	0.249133232	1	4.4	-0.005111711	0.094777639
1971	Pitx2-Cre	AAV5	EYFP	GPe	male	4	0.25	1s	40	5	2	57	5351.5	-0.639788982	0.085087199	-0.023641625	-0.0020116	0.233058966	1	4.4	-0.026435292	0.078485144
1971	Pitx2-Cre	AAV5	EYFP	GPe	male	4	0.25	1s	40	5	2	58	5382.5	-0.673491136	0.100125302	-0.211392257	-0.021165713	0.105175669	1	0.8	-0.158307778	0.114044715
1971	Pitx2-Cre	AAV5	EYFP	GPe	male	4	0.25	1s	40	5	2	59	5413.7	-0.69272152	0.156102892	-0.032720241	-0.005107724	0.434404556	27	2.6	-0.070191506	0.004231683
1971	Pitx2-Cre	AAV5	EYFP	GPe	male	4	0.25	1s	10	5	1	61	5475.7	-0.720868661	0.047792517	-0.146584443	-0.00700564	0.002108089	3.5	0.5	-0.136440445	0.01105816
1971	Pitx2-Cre	AAV5	EYFP	GPe	male	4	0.25	1s	10	5	1	62	5506.7	-0.799707306	0.167859673	-0.023932457	-0.004017294	1.068106216	22.9	5.9	-0.026013354	0.005044446
1971	Pitx2-Cre	AAV5	EYFP	GPe	male	4	0.25	1s	10	5	1	63	5537.7	-0.768219546	0.032471428	-0.035000713	-0.001136523	0.046280333	0.8	1.2	-0.029946936	0.024017024
1971	Pitx2-Cre	AAV5	EYFP	GPe	male	4	0.25	1s	10	5	1	64	5568.7	-0.80457096	0.045876632	-0.034254547	-0.001571483	0.068354457	0.9	1.6	-0.032002884	0.044341514
1971	Pitx2-Cre	AAV5	EYFP	GPe	male	4	0.25	1s	10	5	1	65	5599.7	-0.824582212	0.026851299	-0.036190767	-0.000971769	0.02520817	1.2	0.9	-0.034650066	0.028176212
1971	Pitx2-Cre	AAV5	EYFP	GPe	male	4	0.25	1s	20	5	1	66	5630.7	-0.85874525	0.052610134	-0.003787905	-0.000199282	0.247478015	1.9	5.8	-0.005804297	0.020983854
1971	Pitx2-Cre	AAV5	EYFP	GPe	male	4	0.25	1s	20	5	1	67	5661.7	-0.868441857	0.045403089	-0.037232866	-0.001690487	0.066772611	0.8	1.4	-0.035074212	0.042465545
1971	Pitx2-Cre	AAV5	EYFP	GPe	male	4	0.25	1s	20	5	1	68	5692.7	-0.932239023	0.062633314	-0.003644233	-0.00022825	0.110978855	0.7	2.4	0.000898098	0.088838806
1971	Pitx2-Cre	AAV5	EYFP	GPe	male	4	0.25	1s	20	5	1	69	5723.8	-0.91803637	0.041444229	-0.054124656	-0.002243155	0.044956027	1.4	0.9	-0.063906854	0.046373687
1971	Pitx2-Cre	AAV5	EYFP	GPe	male	4	0.25	1s	20	5	1	70	5754.8	-0.936301884	0.056361211	-0.052667985	-0.002968431	0.611920908	29.3	1.3	-0.054060359	0.001167758
1971	Pitx2-Cre	AAV5	EYFP	GPe	male	4	0.25	1s	40	5	1	71	5785.8	-0.916070605	0.181650383	-0.454671191	-0.082591196	0.289937552	3.6	0.6	-0.512039932	0.030433322
1971	Pitx2-Cre	AAV5	EYFP	GPe	male	4	0.25	1s	40	5	1	72	5795.5	-0.935282302	0.114625518	-0.102526944	-0.011752204	0.143877295	0.8	1.3	-0.098179836	0.153351979
1971	Pitx2-Cre	AAV5	EYFP	GPe	male	4	0.25	1s	40	5	1	73	5795.7	-0.9491238	0.122194929	-0.03548506	-0.004336094	0.182942632	0.9	2.1	-0.065619763	0.167996885
1971	Pitx2-Cre	AAV5	EYFP	GPe	male	4	0.25	1s	40	5	1	74	6825.6	-0.932272766	0.112205748	-0.067690284	-0.007595239	0.162684975	1.1	1.7	-0.149616571	0.13694738
1971	Pitx2-Cre	AAV5	EYFP	GPe	male	4	0.25	1s	40	5	1	75	6856.6	-0.906931006	0.100768834	-0.042483315	-0.004280994	0.209459697	1.1	2.6	-0.084948488	0.093993911
