ID	genotype	serotype	construct	area	sex	LaserPower	voltage	length	frequency	pulse	protocol	event	TTL	Baseline	Amp	K1	Krate	PeakArea	Trise	T80	Tc	Tr
6231	Pitx2-Cre	AAV-DJ	EYFP	GPe	female	4	0.7	1s	10	5	1	3	2347.7	1.299102695	0.289700279	0.189117652	0.054787437	0.352206373	0.7	1.1	-0.329161407	0.207749913
6231	Pitx2-Cre	AAV-DJ	EYFP	GPe	female	4	0.7	1s	10	5	1	4	2378.9	1.219304724	0.193395476	0.021795321	0.004215116	0.325572899	0.7	2.8	-0.029558463	NA
6231	Pitx2-Cre	AAV-DJ	EYFP	GPe	female	4	0.7	1s	10	5	1	5	2409.9	1.181784761	0.361999339	0.33070007	0.119713207	0.352958892	0.7	0.8	-0.641989398	NA
6231	Pitx2-Cre	AAV-DJ	EYFP	GPe	female	4	0.7	1s	10	5	1	6	2440.9	1.305939781	0.224924684	0.270647046	0.060875201	0.20474186	0.8	0.7	-0.514336128	0.2523294
6231	Pitx2-Cre	AAV-DJ	EYFP	GPe	female	4	0.7	1s	10	5	1	7	2471.9	1.235041585	0.401231688	0.313331846	0.125718665	0.48997387	0.9	0.9	-0.621246843	0.386160863
6231	Pitx2-Cre	AAV-DJ	EYFP	GPe	female	4	0.7	1s	20	5	1	8	2502.9	1.238346708	0.483968647	0.09197291	0.044512005	0.788880422	0.6	2.5	-0.66180811	0.647383881
6231	Pitx2-Cre	AAV-DJ	EYFP	GPe	female	4	0.7	1s	20	5	1	9	2533.9	1.366173058	0.556999969	0.111801477	0.062273419	0.90377245	0.8	2.5	-0.674125607	0.705751141
6231	Pitx2-Cre	AAV-DJ	EYFP	GPe	female	4	0.7	1s	20	5	1	10	2564.9	1.358216443	0.565123526	0.341099083	0.192763117	0.687915944	0.9	1	-0.760670273	0.556704697
6231	Pitx2-Cre	AAV-DJ	EYFP	GPe	female	4	0.7	1s	20	5	1	11	2595.9	1.357665811	0.387547256	0.076474771	0.029637588	0.835390949	0.9	2.7	-0.286711029	0.350909115
6231	Pitx2-Cre	AAV-DJ	EYFP	GPe	female	4	0.7	1s	20	5	1	12	2626.9	1.367502145	0.383688273	0.061762736	0.023697637	0.814434595	1.1	2.9	-0.333156714	0.280494185
6231	Pitx2-Cre	AAV-DJ	EYFP	GPe	female	4	0.7	1s	40	5	1	13	2657.9	1.329816292	1.125219442	0.298260599	0.335608625	1.554013271	0.8	1.8	-1.089804458	1.379352284
6231	Pitx2-Cre	AAV-DJ	EYFP	GPe	female	4	0.7	1s	40	5	1	14	2688.9	1.375168213	1.117477012	0.627336425	0.701034034	1.594877059	0.9	0.9	-1.693701205	1.277637815
6231	Pitx2-Cre	AAV-DJ	EYFP	GPe	female	4	0.7	1s	40	5	1	15	2720	1.37315996	0.972859831	0.408844811	0.397748694	1.785333236	0.9	1.6	-1.297429619	0.947492517
6231	Pitx2-Cre	AAV-DJ	EYFP	GPe	female	4	0.7	1s	40	5	1	16	2751	1.361115325	0.935288959	0.142814836	0.133573139	2.339223215	0.9	3.3	-0.918848691	1.057340673
6231	Pitx2-Cre	AAV-DJ	EYFP	GPe	female	4	0.7	1s	40	5	1	17	2782	1.470558894	0.980771654	0.290944092	0.285349718	1.416330272	0.8	1.6	-0.742495447	1.441402812
6231	Pitx2-Cre	AAV-DJ	EYFP	GPe	female	4	0.7	1s	10	15	2	20	2916.6	1.386302266	0.936503666	0.232521061	0.217756826	2.281052854	0.7	2.5	-0.578411761	1.134985734
6231	Pitx2-Cre	AAV-DJ	EYFP	GPe	female	4	0.7	1s	10	15	2	21	2947.6	1.475898827	0.613381187	0.188232607	0.11545834	1.017493698	0.8	1.8	-0.3699361	0.793995749
6231	Pitx2-Cre	AAV-DJ	EYFP	GPe	female	4	0.7	1s	10	15	2	22	2978.6	1.403822561	0.969130535	0.083654309	0.081071945	2.708853216	0.9	4.2	-1.231194965	1.23356254
6231	Pitx2-Cre	AAV-DJ	EYFP	GPe	female	4	0.7	1s	10	15	2	23	3009.6	1.479032694	0.852279261	0.250409835	0.213419109	1.229842386	1.1	1.6	-1.04184714	0.909527664
6231	Pitx2-Cre	AAV-DJ	EYFP	GPe	female	4	0.7	1s	10	15	2	24	3040.6	1.434168163	0.78331017	0.27514249	0.215521911	1.674268918	0.9	1.9	-0.730265758	0.700959302
6231	Pitx2-Cre	AAV-DJ	EYFP	GPe	female	4	0.7	1s	20	10	2	25	3071.6	1.416868741	0.927120268	0.330758144	0.30665258	1.432727699	0.8	1.4	-0.727559535	1.28943379
6231	Pitx2-Cre	AAV-DJ	EYFP	GPe	female	4	0.7	1s	20	10	2	26	3102.6	1.461710014	1.146068394	0.401144319	0.459738826	1.648710029	0.9	1.4	-1.206196046	1.517581674
6231	Pitx2-Cre	AAV-DJ	EYFP	GPe	female	4	0.7	1s	20	10	2	27	3133.7	1.463874494	1.132145525	0.529277282	0.599218907	1.464718528	0.9	1.2	-1.540849246	1.173843643
6231	Pitx2-Cre	AAV-DJ	EYFP	GPe	female	4	0.7	1s	20	10	2	28	3164.7	1.481216093	1.031447535	0.366605777	0.378134625	1.755282607	1	1.6	-1.221780249	0.957333278
6231	Pitx2-Cre	AAV-DJ	EYFP	GPe	female	4	0.7	1s	20	10	2	29	3195.7	1.442293767	1.059506744	0.334317637	0.354211791	2.105525694	0.8	1.4	-0.742044776	1.241599902
6231	Pitx2-Cre	AAV-DJ	EYFP	GPe	female	4	0.7	1s	40	5	2	30	3226.7	1.483115531	0.928368264	0.318706529	0.295877027	1.8814773	0.9	1.4	-0.72983155	1.198849925
6231	Pitx2-Cre	AAV-DJ	EYFP	GPe	female	4	0.7	1s	40	5	2	31	3257.7	1.544165858	1.135896398	0.518835297	0.589343145	1.408233296	1	1.1	-1.517019566	1.409957642
6231	Pitx2-Cre	AAV-DJ	EYFP	GPe	female	4	0.7	1s	40	5	2	32	3288.7	1.509235243	1.050615255	0.366636165	0.385193548	1.574911551	1.1	1.5	-1.328619664	1.035780085
6231	Pitx2-Cre	AAV-DJ	EYFP	GPe	female	4	0.7	1s	40	5	2	33	3319.7	1.468366053	0.838709107	0.27364227	0.229506264	1.436666508	0.8	1.5	-0.641071399	1.100266821
6231	Pitx2-Cre	AAV-DJ	EYFP	GPe	female	4	0.7	1s	40	5	2	34	3350.7	1.474315134	0.90599047	0.235475654	0.213338698	1.277069017	0.9	1.7	-0.700657541	1.266544685
6231	Pitx2-Cre	AAV-DJ	EYFP	GPe	female	4	0.25	1s	10	15	2	38	4272.6	-0.120101491	0.495944145	2.38963999	1.18512796	0.836044289	0.8	1.6	-0.35070375	0.505503369
6231	Pitx2-Cre	AAV-DJ	EYFP	GPe	female	4	0.25	1s	10	15	2	40	4334.6	-0.148364137	0.535439779	3.056606417	1.636628664	0.601543694	0.9	1	-0.679159563	0.662442123
6231	Pitx2-Cre	AAV-DJ	EYFP	GPe	female	4	0.25	1s	10	15	2	41	4365.6	-0.131395871	0.27193786	2.196590824	0.597336208	0.186450493	1.1	0.7	-0.541415836	0.399773582
6231	Pitx2-Cre	AAV-DJ	EYFP	GPe	female	4	0.25	1s	10	15	2	42	4396.6	-0.208558983	0.442557112	1.697957103	0.751442992	0.585964964	0.8	1.1	-0.485281832	0.439180578
6231	Pitx2-Cre	AAV-DJ	EYFP	GPe	female	4	0.25	1s	20	10	2	43	4427.6	-0.252017444	0.605421831	0.424072573	0.256742793	1.086288339	0.9	2.7	-0.416751024	0.690490062
6231	Pitx2-Cre	AAV-DJ	EYFP	GPe	female	4	0.25	1s	20	10	2	44	4458.6	-0.232467021	0.70681675	0.199016413	0.140668134	2.650827262	1	8.8	-0.76137453	1.029023922
6231	Pitx2-Cre	AAV-DJ	EYFP	GPe	female	4	0.25	1s	20	10	2	45	4489.7	-0.20052626	0.463410763	2.198310369	1.018720686	0.366463846	1	0.7	-0.90552712	0.753110191
6231	Pitx2-Cre	AAV-DJ	EYFP	GPe	female	4	0.25	1s	20	10	2	46	4520.8	-0.571304162	0.523730491	-2.899692945	-1.518657609	0.683488365	0.9	1	-0.710187407	0.407569136
6231	Pitx2-Cre	AAV-DJ	EYFP	GPe	female	4	0.25	1s	20	10	2	47	4551.8	-0.827697261	0.465675147	-0.940801731	-0.438107985	0.451162518	0.5	1	-0.638932031	0.719240407
6231	Pitx2-Cre	AAV-DJ	EYFP	GPe	female	4	0.25	1s	40	5	2	48	4582.8	-0.659020841	0.516486126	-1.528282887	-0.789336907	0.510719317	0.8	1.1	-0.58095635	0.58946155
6231	Pitx2-Cre	AAV-DJ	EYFP	GPe	female	4	0.25	1s	40	5	2	49	4613.8	-0.715567128	0.353108647	-0.111962144	-0.039534801	0.618606871	0.9	2.9	-0.597014454	0.51735692
6231	Pitx2-Cre	AAV-DJ	EYFP	GPe	female	4	0.25	1s	40	5	2	50	4644.8	-0.49283563	0.537234734	-1.40726978	-0.756034206	0.874570224	1	2	-0.714655521	0.542790199
6231	Pitx2-Cre	AAV-DJ	EYFP	GPe	female	4	0.25	1s	40	5	2	51	4675.8	-0.587669092	0.535714997	-1.596693539	-0.855372674	0.900639137	0.8	1.6	-0.381339225	0.541304889
6231	Pitx2-Cre	AAV-DJ	EYFP	GPe	female	4	0.25	1s	40	5	2	52	4706.8	-0.647856994	0.561742908	-1.122400069	-0.630500279	0.867668351	0.8	1.7	-0.36024484	0.68316645
6231	Pitx2-Cre	AAV-DJ	EYFP	GPe	female	4	0.25	1s	10	5	1	55	4806.3	-0.319196202	0.091036813	-0.561819871	-0.051146291	0.099893029	0.9	0.6	-0.222278007	0.113549673
6231	Pitx2-Cre	AAV-DJ	EYFP	GPe	female	4	0.25	1s	10	5	1	56	4837.4	-0.485754801	0.408155099	-0.038058366	-0.015533716	7.987089543	17.5	13.6	0.006642796	0.024240123
6231	Pitx2-Cre	AAV-DJ	EYFP	GPe	female	4	0.25	1s	10	5	1	58	4899.4	-0.284383059	0.310401358	-0.301690532	-0.093645151	4.70800794	14.7	11.1	-0.017996941	0.020062466
6231	Pitx2-Cre	AAV-DJ	EYFP	GPe	female	4	0.25	1s	10	5	1	59	4930.4	-0.25226648	0.232084179	-0.995999787	-0.231155793	0.417035944	0.9	2.1	-0.117476494	0.110159818
6231	Pitx2-Cre	AAV-DJ	EYFP	GPe	female	4	0.25	1s	20	5	1	60	4961.4	-0.397684822	0.26625087	-1.602429549	-0.426648261	0.313228812	1	0.8	-0.460469081	0.18494684
6231	Pitx2-Cre	AAV-DJ	EYFP	GPe	female	4	0.25	1s	20	5	1	61	4992.4	-0.285370254	0.210016033	-0.2746729	-0.057685713	0.637809341	1.3	3.8	-0.045848107	NA
6231	Pitx2-Cre	AAV-DJ	EYFP	GPe	female	4	0.25	1s	20	5	1	62	5023.4	-0.335130757	0.29952263	-0.404546131	-0.121170721	-0.478759299	30	1.1	NA	0.216314777
6231	Pitx2-Cre	AAV-DJ	EYFP	GPe	female	4	0.25	1s	20	5	1	63	5054.4	-0.115762772	0.353604	3.74039395	1.322618264	0.374392075	1	0.7	-0.650334384	0.364209636
6231	Pitx2-Cre	AAV-DJ	EYFP	GPe	female	4	0.25	1s	20	5	1	64	5085.4	-0.276940586	0.353906855	-1.662220586	-0.588271259	0.445849941	1.1	0.8	-0.587877557	0.257897188
6231	Pitx2-Cre	AAV-DJ	EYFP	GPe	female	4	0.25	1s	40	5	1	65	5116.4	-0.195000549	0.560425118	0.657127733	0.368270888	1.327762931	0.8	4.4	-0.414042923	0.731523993
6231	Pitx2-Cre	AAV-DJ	EYFP	GPe	female	4	0.25	1s	40	5	1	66	5147.5	-0.247514278	0.581244197	2.153522473	1.251722441	0.67714046	0.8	1.1	-0.667131228	0.663032143
6231	Pitx2-Cre	AAV-DJ	EYFP	GPe	female	4	0.25	1s	40	5	1	67	5178.5	-0.349491943	0.492898257	-0.785798594	-0.387318757	0.772489	1	2.1	-0.605025142	0.612478967
6231	Pitx2-Cre	AAV-DJ	EYFP	GPe	female	4	0.25	1s	40	5	1	68	5209.5	-0.487354151	0.577891873	0.003271248	0.001890428	6.489210363	1	25.1	-0.022313219	0.52319581
6231	Pitx2-Cre	AAV-DJ	EYFP	GPe	female	4	0.25	1s	40	5	1	69	5240.5	-0.327400488	0.517537951	0.019220131	0.009947147	0.790930082	0.8	1.5	-0.323929963	0.582154754
