ID	genotype	serotype	construct	area	sex	LaserPower	voltage	length	frequency	pulse	protocol	event	TTL	Baseline	Amp	K1	Krate	PeakArea	Trise	T80	Tc	Tr
984	Pitx2-Cre	AAV-DJ	ChR2-EYFP	GPe	F	4	0.7	1s	10	5	1	2	65.6	11.25560341	0.235069402	0.263707343	0.061989527	-0.041144862	0.3	0.2	NA	1.474120671
984	Pitx2-Cre	AAV-DJ	ChR2-EYFP	GPe	F	4	0.7	1s	10	5	1	3	3233.1	2.138327045	0.246022711	0.084813577	0.020866066	0.354182432	1.1	1.1	-0.344812268	0.190467776
984	Pitx2-Cre	AAV-DJ	ChR2-EYFP	GPe	F	4	0.7	1s	10	5	1	4	3264.2	2.144494793	0.214897164	0.053866801	0.011575823	0.261231445	0.6	1.6	-0.327845277	0.334960596
984	Pitx2-Cre	AAV-DJ	ChR2-EYFP	GPe	F	4	0.7	1s	10	5	1	5	3295.2	2.115279174	0.217184608	0.06082075	0.013209331	0.246823692	0.6	1.5	-0.337879568	0.389145517
984	Pitx2-Cre	AAV-DJ	ChR2-EYFP	GPe	F	4	0.7	1s	10	5	1	6	3326.2	2.083413766	0.225843582	0.064350782	0.014533211	0.284087571	0.9	1.4	-0.275849825	0.301245607
984	Pitx2-Cre	AAV-DJ	ChR2-EYFP	GPe	F	4	0.7	1s	20	5	1	7	3357.2	2.05151061	0.422161947	0.125554795	0.053004457	0.530173692	1.2	1	-0.529806719	0.455736054
984	Pitx2-Cre	AAV-DJ	ChR2-EYFP	GPe	F	4	0.7	1s	20	5	1	8	3388.2	2.034487037	0.422765917	0.124498138	0.05263357	0.688175106	1.1	1.2	-0.80784625	0.441140813
984	Pitx2-Cre	AAV-DJ	ChR2-EYFP	GPe	F	4	0.7	1s	20	5	1	9	3419.2	2.004478742	0.408112803	0.111935993	0.045682512	0.604819237	0.7	1.6	-0.874983877	0.574687205
984	Pitx2-Cre	AAV-DJ	ChR2-EYFP	GPe	F	4	0.7	1s	20	5	1	10	3450.2	1.994287246	0.438007841	0.189410506	0.082963287	0.679673133	1.1	1	-0.4969674	0.575234555
984	Pitx2-Cre	AAV-DJ	ChR2-EYFP	GPe	F	4	0.7	1s	20	5	1	11	3481.2	1.983771131	0.422033604	0.126534475	0.053401801	0.543360755	1.2	1	-0.836306763	0.362482963
984	Pitx2-Cre	AAV-DJ	ChR2-EYFP	GPe	F	4	0.7	1s	40	5	1	12	3512.2	1.960768548	0.843923759	0.323381529	0.272909355	1.123706782	1.2	0.9	-1.872932796	1.112156467
984	Pitx2-Cre	AAV-DJ	ChR2-EYFP	GPe	F	4	0.7	1s	40	5	1	13	3543.2	1.953747735	0.851163528	0.340888076	0.290151498	1.161588229	1.2	0.9	-1.199727738	1.126386796
984	Pitx2-Cre	AAV-DJ	ChR2-EYFP	GPe	F	4	0.7	1s	40	5	1	14	3574.3	1.943125934	0.798952862	0.345806268	0.276282908	1.045125832	1.1	0.9	-1.269785093	1.111061874
984	Pitx2-Cre	AAV-DJ	ChR2-EYFP	GPe	F	4	0.7	1s	40	5	1	15	3605.3	1.919655295	0.793087149	0.345185368	0.273762079	1.113864077	1	1	-1.105588643	1.128211224
984	Pitx2-Cre	AAV-DJ	ChR2-EYFP	GPe	F	4	0.7	1s	40	5	1	16	3636.3	1.903409295	0.788097028	0.227129589	0.179000154	1.163065613	1.2	1	-1.836809977	1.158131373
984	Pitx2-Cre	AAV-DJ	ChR2-EYFP	GPe	F	4	0.7	1s	10	15	2	18	3716.6	1.881554201	0.657140141	0.345357043	0.226947976	0.347751144	NA	0.9	-0.85382074	0.02422808
984	Pitx2-Cre	AAV-DJ	ChR2-EYFP	GPe	F	4	0.7	1s	10	15	2	19	3750.5	1.838364903	0.704051189	0.295560425	0.208089669	0.920472526	1.2	0.8	-0.899795984	0.565711038
984	Pitx2-Cre	AAV-DJ	ChR2-EYFP	GPe	F	4	0.7	1s	10	15	2	20	3781.6	1.815739782	0.709380952	0.336680421	0.238834677	1.386169526	1	0.9	-1.05742445	0.553524078
984	Pitx2-Cre	AAV-DJ	ChR2-EYFP	GPe	F	4	0.7	1s	10	15	2	21	3812.6	1.822096256	0.715065554	0.316595986	0.226386884	0.946841317	1.1	0.8	-1.315760006	0.597309776
984	Pitx2-Cre	AAV-DJ	ChR2-EYFP	GPe	F	4	0.7	1s	10	15	2	22	3843.6	1.795673857	0.689601915	0.258322473	0.178139672	0.969873353	1.1	0.9	-1.453684758	0.995577135
984	Pitx2-Cre	AAV-DJ	ChR2-EYFP	GPe	F	4	0.7	1s	20	10	2	23	3874.6	1.784410367	0.861558853	0.393864515	0.33933746	1.266770505	1.1	0.9	-1.398952735	1.227458794
984	Pitx2-Cre	AAV-DJ	ChR2-EYFP	GPe	F	4	0.7	1s	20	10	2	24	3905.6	1.7718937	0.844739124	0.329222194	0.278106867	1.246034204	1	1.1	-1.197538453	1.186227274
984	Pitx2-Cre	AAV-DJ	ChR2-EYFP	GPe	F	4	0.7	1s	20	10	2	25	3936.6	1.7642765	0.860894541	0.451984048	0.3891106	1.149751747	1.1	0.8	-1.396763326	1.219796278
984	Pitx2-Cre	AAV-DJ	ChR2-EYFP	GPe	F	4	0.7	1s	20	10	2	26	3967.6	1.748256977	0.832471596	0.400262367	0.333207051	1.185361596	1	1	-1.440549247	1.450619779
984	Pitx2-Cre	AAV-DJ	ChR2-EYFP	GPe	F	4	0.7	1s	20	10	2	27	3998.6	1.727775844	0.852733785	0.415775279	0.354545628	1.196192523	1.1	0.9	-1.91781308	0.781574536
984	Pitx2-Cre	AAV-DJ	ChR2-EYFP	GPe	F	4	0.7	1s	40	5	2	28	4029.6	1.717984459	0.759628829	0.376254877	0.285814052	0.917535874	1.2	0.8	-1.357356238	0.914756022
984	Pitx2-Cre	AAV-DJ	ChR2-EYFP	GPe	F	4	0.7	1s	40	5	2	29	4060.7	1.687787433	0.768589793	0.39005422	0.299791692	0.979570389	1.1	0.8	-1.624449142	0.683300005
984	Pitx2-Cre	AAV-DJ	ChR2-EYFP	GPe	F	4	0.7	1s	40	5	2	30	4091.7	1.655854078	0.730903908	0.398641267	0.29136846	0.979593033	1.1	0.8	-0.941392266	0.934094714
984	Pitx2-Cre	AAV-DJ	ChR2-EYFP	GPe	F	4	0.7	1s	40	5	2	31	4122.7	1.641359504	0.740363131	0.426334981	0.315642701	0.927103059	1.1	0.8	-1.085885188	0.872273483
984	Pitx2-Cre	AAV-DJ	ChR2-EYFP	GPe	F	4	0.7	1s	40	5	2	32	4153.7	1.601884442	0.725543943	0.374251819	0.271536141	0.962284863	1.1	0.9	-1.155942218	1.015098226
984	Pitx2-Cre	AAV-DJ	ChR2-EYFP	GPe	F	4	0.25	1s	10	5	1	41	4995.5	-0.644729392	0.119300942	-0.016405897	-0.001957239	0.236121951	1.1	4.2	-0.051448202	0.127604042
984	Pitx2-Cre	AAV-DJ	ChR2-EYFP	GPe	F	4	0.25	1s	10	5	1	42	5026.5	-0.564246743	0.111502557	0.000841939	9.38783E-05	0.947023632	1.2	23.7	-0.052104985	0.107274963
984	Pitx2-Cre	AAV-DJ	ChR2-EYFP	GPe	F	4	0.25	1s	10	5	1	44	5088.6	-0.52673447	0.102450993	-0.1924502	-0.019716714	0.122766808	0.8	1.1	-0.098517824	0.109902104
984	Pitx2-Cre	AAV-DJ	ChR2-EYFP	GPe	F	4	0.25	1s	10	5	1	45	5119.6	-0.577805204	0.105138529	-0.0969095	-0.010188922	0.15627495	1.1	1.4	-0.144492814	0.132999073
984	Pitx2-Cre	AAV-DJ	ChR2-EYFP	GPe	F	4	0.25	1s	20	5	1	46	5150.6	-0.614419108	0.192762781	-0.271303042	-0.052297129	0.286172785	1.1	1.2	-0.210171369	0.240383495
984	Pitx2-Cre	AAV-DJ	ChR2-EYFP	GPe	F	4	0.25	1s	20	5	1	47	5181.6	-0.58149679	0.192679738	-0.167357277	-0.032246356	0.408887498	1.1	1.7	-0.258335641	0.194846365
984	Pitx2-Cre	AAV-DJ	ChR2-EYFP	GPe	F	4	0.25	1s	20	5	1	48	5212.7	-0.574823244	0.200893329	-0.318901106	-0.064065105	0.30448049	0.8	1.4	-0.255051714	0.24519992
984	Pitx2-Cre	AAV-DJ	ChR2-EYFP	GPe	F	4	0.25	1s	20	5	1	49	5243.7	-0.569916225	0.194891667	-0.308717644	-0.060166496	0.221271046	1.1	1	-0.262714208	0.211630883
984	Pitx2-Cre	AAV-DJ	ChR2-EYFP	GPe	F	4	0.25	1s	20	5	1	50	5274.7	-0.605684612	0.184685073	-0.219902556	-0.04061272	0.344459854	1	1.4	-0.275849925	0.187652995
984	Pitx2-Cre	AAV-DJ	ChR2-EYFP	GPe	F	4	0.25	1s	40	5	1	51	5305.7	-0.603200906	0.362379526	-0.874527857	-0.31691099	0.92108131	1.1	0.9	-0.54294271	0.512292698
984	Pitx2-Cre	AAV-DJ	ChR2-EYFP	GPe	F	4	0.25	1s	40	5	1	52	5336.7	-0.579662316	0.352633433	-0.933148554	-0.329059378	0.78964495	1.1	0.9	-0.435667729	0.501711148
984	Pitx2-Cre	AAV-DJ	ChR2-EYFP	GPe	F	4	0.25	1s	40	5	1	53	5367.7	-0.548755649	0.360039253	-0.915993896	-0.329793759	0.513587408	1.1	1	-0.409396305	0.447239654
984	Pitx2-Cre	AAV-DJ	ChR2-EYFP	GPe	F	4	0.25	1s	40	5	1	54	5398.8	-0.476826308	0.354664179	-0.085905016	-0.030467432	1.796242711	1	5.1	-0.641460525	0.480548055
984	Pitx2-Cre	AAV-DJ	ChR2-EYFP	GPe	F	4	0.25	1s	40	5	1	55	5429.8	-0.395369806	0.355962649	-0.169888954	-0.060474122	2.09196304	1	4.5	-0.471790919	0.389254875
984	Pitx2-Cre	AAV-DJ	ChR2-EYFP	GPe	F	4	0.25	1s	10	15	2	58	5521.8	-0.254040132	0.324097223	-1.427013435	-0.462491092	0.532426571	1	1	-0.424721292	0.273660623
984	Pitx2-Cre	AAV-DJ	ChR2-EYFP	GPe	F	4	0.25	1s	10	15	2	59	5552.8	-0.323946266	0.318691955	-4.630802572	-1.475799525	0.615811915	1.1	0.7	-0.61081051	0.295553473
984	Pitx2-Cre	AAV-DJ	ChR2-EYFP	GPe	F	4	0.25	1s	10	15	2	60	5583.8	-0.302634707	0.311829677	-5.282790498	-1.647330853	0.581444659	0.9	0.9	-0.650217632	0.375681298
984	Pitx2-Cre	AAV-DJ	ChR2-EYFP	GPe	F	4	0.25	1s	10	15	2	61	5614.8	-0.310501033	0.315755289	-3.8011597	-1.200236279	0.810325341	1.1	0.8	-0.49696769	0.348461188
984	Pitx2-Cre	AAV-DJ	ChR2-EYFP	GPe	F	4	0.25	1s	10	15	2	62	5645.8	-0.294821223	0.324157614	-1.702251076	-0.551797646	0.94977451	1	1.3	-0.547321239	0.429099847
984	Pitx2-Cre	AAV-DJ	ChR2-EYFP	GPe	F	4	0.25	1s	20	10	2	63	5676.8	-0.293032048	0.376662706	-1.782691178	-0.671473282	0.554212968	1.1	0.8	-0.796899724	0.475074834
984	Pitx2-Cre	AAV-DJ	ChR2-EYFP	GPe	F	4	0.25	1s	20	10	2	64	5707.8	-0.275004418	0.38118471	-1.234095268	-0.470418247	0.776116624	1	0.9	-0.525428406	0.663791194
984	Pitx2-Cre	AAV-DJ	ChR2-EYFP	GPe	F	4	0.25	1s	20	10	2	65	5738.8	-0.243244688	0.399121747	-0.733910677	-0.292919711	1.229577949	1.1	0.9	-0.691814038	0.57249801
984	Pitx2-Cre	AAV-DJ	ChR2-EYFP	GPe	F	4	0.25	1s	20	10	2	66	5769.9	-0.212171939	0.378776494	-0.000185218	-7.01562E-05	1.319783269	0.9	1	-0.597674792	0.487115901
984	Pitx2-Cre	AAV-DJ	ChR2-EYFP	GPe	F	4	0.25	1s	20	10	2	67	5800.9	-0.17885706	0.377644104	-0.032331826	-0.012209924	0.525146799	1.1	0.7	-0.628324785	0.551152483
984	Pitx2-Cre	AAV-DJ	ChR2-EYFP	GPe	F	4	0.25	1s	40	5	2	68	5831.9	-0.193706453	0.342358871	-0.792463563	-0.271306931	0.514904723	1.1	0.8	-0.716990824	0.390318226
984	Pitx2-Cre	AAV-DJ	ChR2-EYFP	GPe	F	4	0.25	1s	40	5	2	69	5862.9	-0.244173246	0.330868901	-1.861403558	-0.61588055	0.449430011	1.1	0.8	-0.442235558	0.436032585
984	Pitx2-Cre	AAV-DJ	ChR2-EYFP	GPe	F	4	0.25	1s	40	5	2	70	5893.9	-0.259317059	0.330468789	-2.35713532	-0.778959656	0.93821052	1.1	0.8	-0.402828428	0.545131947
984	Pitx2-Cre	AAV-DJ	ChR2-EYFP	GPe	F	4	0.25	1s	40	5	2	71	5924.9	-0.234011944	0.340630092	-1.04161873	-0.354806684	1.553077246	1.1	1	-0.363421305	0.473980191
984	Pitx2-Cre	AAV-DJ	ChR2-EYFP	GPe	F	4	0.25	1s	40	5	2	72	5955.9	-0.183899966	0.338025596	-0.945165919	-0.319490273	1.319416374	1.1	0.8	-0.542942662	0.310513578
